0 -0.489628
1 -1.145064
2 -8.058553
3 -2.600206
4 -2.462182
5 -2.324016
6 -2.184690
7 -2.041039
8 -1.916624
9 -1.784217
10 -1.655432
11 -1.529967
12 -1.403929
13 -1.281939
14 -1.157235
15 -1.043115
16 -0.926811
17 -0.808469
18 -0.698916
19 -0.586074
20 -0.474248
21 -0.363849
22 -0.255671
23 -0.148277
24 -0.040579
25 0.066019
26 0.171381
27 0.276422
28 0.380950
29 0.484612
30 0.589088
31 0.693358
32 0.795564
33 0.898288
34 1.001393
35 1.102838
36 1.204716
37 1.306164
38 1.408453
39 1.510482
40 1.611446
41 1.715274
42 1.822631
43 1.922848
44 2.026518
45 2.131120
46 2.242366
47 2.348337
48 2.450603
49 2.560179
50 2.668648
51 2.773009
52 2.888669
53 3.000348
54 3.116854
55 3.216080
56 3.331143
57 3.454995
58 3.579525
59 3.697411
60 3.826643
61 3.950820
62 4.081218
63 4.214181
64 4.343606
65 4.481772
66 4.631315
67 4.792833
68 4.935525
69 5.110662
70 5.236158
71 5.392067
72 5.579935
73 5.732588
74 5.920369
75 6.119507
76 6.317484
77 6.388973
78 6.360202
79 6.337005
80 6.325309
81 6.306579
82 6.278006
83 6.250710
84 6.233477
85 6.209606
86 6.187773
87 6.174064
88 6.168865
89 6.163602
90 6.134360
91 6.083709
92 6.090618
93 6.067377
94 6.035104
95 6.040421
96 6.008966
97 6.003153
98 6.001328
99 5.955905
100 5.968579
101 5.956764
102 5.939532
103 5.923339
104 5.927693
105 5.939812
106 5.894623
107 5.879919
108 5.873033
109 5.860931
110 5.840342
111 5.817828
112 3.578934
113 3.578911
114 3.541698
115 3.519808
116 3.516501
117 3.492485
118 3.483764
119 3.506546
120 5.737731
121 5.732562
122 5.719031
123 5.716519
124 5.429807
125 5.408572
126 3.687623
127 3.509779
128 3.474125
129 3.456378
130 3.431336
131 3.414582
132 3.415158
133 3.389982
134 3.403147
135 5.555784
136 5.542032
137 5.534851
138 5.545686
139 5.507287
140 5.484106
141 5.481292
142 5.467204
143 5.453203
144 5.447399
145 5.395159
146 5.386406
147 5.366539
148 5.312411
149 5.299780
150 5.303953
151 5.251752
152 5.246089
153 5.229110
154 5.201138
155 5.167172
156 5.147860
157 5.126452
158 5.093997
159 5.061612
160 5.064749
161 5.006098
162 4.969810
163 4.922616
164 4.901259
165 4.871670
166 4.821250
167 4.788185
168 4.672894
169 4.467232
170 4.290455
171 4.093511
172 3.911754
173 3.741102
174 3.576494
175 3.393444
176 3.230423
177 3.077993
178 2.919837
179 2.760385
180 2.619239
181 2.466915
182 2.330967
183 2.176164
184 2.041065
185 1.911492
186 1.774407
187 1.639591
188 1.513404
189 1.381568
190 1.250801
191 1.124611
192 1.001791
193 0.876188
194 0.754021
195 0.630143
196 0.509502
197 0.388708
198 0.269216
199 0.149974
200 0.031550
201 -0.086639
202 -0.204338
203 -0.322447
204 -0.440720
205 -0.558433
206 -0.674872
207 -0.790192
208 -0.908460
209 -1.027346
210 -1.144070
211 -1.259636
212 -1.379759
213 -1.496394
214 -1.617473
215 -1.739733
216 -1.860067
217 -1.982626
218 -2.104130
219 -2.231847
220 -2.362655
221 -2.487325
222 -2.614869
223 -2.751430
224 -2.888796
225 -3.023756
226 -3.151047
227 -3.288295
228 -1.429309
229 -2.749207
230 -16.731098
231 -6.070364
232 -6.065802
233 -6.055223
234 -6.035563
235 -5.997561
236 -6.002532
237 -5.980171
238 -5.961226
239 -5.945864
240 -5.921611
241 -5.904264
242 -5.868524
243 -5.868605
244 -5.853635
245 -5.820267
246 -5.826592
247 -5.808154
248 -5.787548
249 -5.768066
250 -5.759558
251 -5.752300
252 -5.729945
253 -5.708863
254 -5.702208
255 -5.693613
256 -5.673246
257 -5.647689
258 -5.653009
259 -5.649849
260 -5.621891
261 -5.605139
262 -5.593023
263 -5.569272
264 -5.550159
265 -5.529186
266 -5.512790
267 -5.494503
268 -5.471137
269 -5.458616
270 -5.456758
271 -5.427653
272 -5.409205
273 -5.391881
274 -5.391047
275 -5.372612
276 -5.342970
277 -5.329496
278 -5.310795
279 -5.280990
280 -5.272686
281 -5.253152
282 -5.239949
283 -5.192776
284 -5.172013
285 -5.162751
286 -5.150668
287 -5.124802
288 -5.112524
289 -5.089216
290 -5.070940
291 -5.052164
292 -5.025085
293 -5.005003
294 -4.993903
295 -4.991157
296 -4.962566
297 -4.963357
298 -4.908492
299 -4.880169
300 -4.876669
301 -4.835179
302 -4.819583
303 -4.807038
304 -4.786723
305 -4.663035
306 -4.466366
307 -4.279952
308 -4.107010
309 -3.934174
310 -3.759949
311 -3.591519
312 -3.433600
313 -3.275959
314 -3.123450
315 -2.978802
316 -2.841444
317 -2.706673
318 -2.563833
319 -2.415417
320 -2.293903
321 -2.162596
322 -2.030742
323 -1.914305
324 -1.787584
325 -1.670977
326 -1.556923
327 -1.433032
328 -1.325540
329 -1.213253
330 -1.101224
331 -0.990813
332 -0.884944
333 -0.780603
334 -0.669480
335 -0.563592
336 -0.459284
337 -0.355211
338 -0.251441
339 -0.148551
340 -0.027062
341 0.033451
342 0.092942
343 0.151836
344 0.211230
345 0.268917
346 0.327456
347 0.389693
348 0.760771
349 0.862425
350 0.963000
351 1.065895
352 1.108248
353 1.202638
354 0.865048
355 0.883215
356 0.936752
357 0.995173
358 1.051177
359 1.109887
360 1.175259
361 1.231343
362 1.303357
363 2.318497
364 2.428766
365 2.543602
366 2.669386
367 2.771798
368 2.883251
369 3.007939
370 3.128400
371 3.251100
372 3.381529
373 3.483252
374 3.616468
375 3.744685
376 3.849437
377 3.988194
378 4.144495
379 4.257416
380 4.413447
381 4.564010
382 4.708611
383 4.851396
384 5.013356
385 5.178622
386 5.337455
387 5.501781
388 5.714533
389 5.860209
390 6.039357
391 6.211232
392 6.426036
393 6.639413
394 6.831960
395 7.060835
396 7.167597
397 7.122502
398 7.118069
399 7.069118
400 7.038708
401 7.021703
402 7.009739
403 6.949183
404 6.923562
405 6.915622
406 6.886046
407 6.843760
408 6.844557
409 6.804991
410 6.809307
411 6.741422
412 6.733687
413 6.742418
414 6.713428
415 6.684909
416 6.692451
417 6.662002
418 6.625736
419 6.609717
420 6.614143
421 6.583611
422 6.580164
423 6.535137
424 6.530423
425 6.493962
426 6.488086
427 6.480014
428 6.456640
429 6.440933
430 6.423065
431 6.412848
432 6.403717
433 6.389152
434 6.365935
435 6.337364
436 6.326047
437 6.315732
438 6.293582
439 6.266089
440 6.255491
441 6.229973
442 6.217959
443 6.206709
444 6.186859
445 6.170831
446 6.149322
447 6.140595
448 6.135259
449 6.112241
450 6.092625
451 6.087979
452 6.080353
453 6.063958
454 6.030395
455 6.011102
456 0.000000
457 0.000000
458 0.000000
459 0.000000
460 0.000000
461 0.000000
462 0.000000
463 0.000000
464 0.000000
465 0.000000
466 0.000000
467 0.000000
468 0.000000
469 0.000000
470 0.000000
471 0.000000
472 0.000000
473 0.000000
474 0.000000
475 0.000000
476 0.000000
477 0.000000
478 0.000000
479 0.000000
480 0.000000
481 0.000000
482 0.000000
483 0.000000
484 0.000000
485 0.000000
486 0.000000
487 0.000000
488 0.000000
489 0.000000
490 0.000000
491 0.000000
492 0.000000
493 0.000000
494 0.000000
495 0.000000
496 0.000000
497 0.000000
498 0.000000
499 0.000000
